Perl.Keyword,Py.Keyword,Convertor
settxrxioronpanda,setlinkioronpss,generic_convertor
,,
Perl.Params,Perl2Py.ParamMap,Py.Params
,,panda
,,cellid
,,linkid
,,ior
